353
284
244
286
238
213
225
283
299
262
246
223
245
306
276
287
1109
318
459
334
259
407
286
255
275
266
242
250
299
237
231
194
222
245
282
280
295
404
285
305
863
240
353
271
254
275
256
222
246
310
231
237
226
246
245
298
262
307
266
294
339
301
250
299
268
238
273
240
207
225
281
249
264
261
235
211
283
247
276
255
307
268
265
309
321
305
312
292
294
236
216
210
232
221
336
226
313
251
322
303
246
260
332
281
257
279
242
230
213
311
238
240
221
238
259
298
247
307
297
268
293
319
248
313
264
270
304
246
204
207
311
238
244
250
228
240
280
271
288
288
273
262
294
306
234
345
290
313
311
215
231
214
211
252
313
247
325
255
314
321
244
219
370
271
262
283
241
224
211
553
237
247
258
285
250
276
244
317
307
283
266
245
297
342
224
325
231
241
211
295
329
328
290
286
279
245
248
230
310
236
240
246
239
250
281
248
312
283
261
298
831
228
304
288
234
272
261
206
221
323
241
256
210
281
232
291
275
312
252
269
274
268
312
1251
290
340
340
340
220
237
227
219
211
334
245
300
612
294
291
247
222
330
277
229
271
253
206
226
279
287
256
209
259
224
304
259
271
310
262
280
224
311
347
235
324
195
248
243
290
342
375
304
257
292
259
205
218
320
241
252
215
210
225
295
260
314
269
287
339
743
259
365
299
257
282
256
222
253
720
230
231
256
237
262
359
297
277
291
267
244
221
320
236
258
230
241
220
293
280
298
299
339
323
365
306
234
302
251
247
207
309
238
249
246
241
262
290
267
312
282
259
301
323
221
324
295
274
294
253
248
209
304
258
241
231
232
217
288
254
284
453
265
292
331
253
355
333
237
300
262
224
225
321
243
270
227
237
245
292
258
303
318
291
335
707
226
371
323
258
312
264
250
227
321
259
263
230
259
225
298
253
321
304
281
339
962
217
325
312
278
306
248
232
215
313
235
249
266
251
215
290
242
283
296
299
261
234
310
310
628
304
300
298
241
221
251
255
240
323
235
308
344
293
225
281
252
250
216
313
248
243
211
256
243
281
257
301
295
274
307
286
241
376
284
257
279
249
215
234
285
267
229
236
241
250
300
266
312
277
320
323
314
243
347
288
257
293
232
229
237
610
253
231
262
232
246
275
275
291
272
270
260
294
290
230
325
291
323
321
222
207
225
225
221
301
222
307
240
296
300
235
297
211
310
293
253
281
274
209
199
287
271
228
254
230
239
275
275
291
268
316
271
290
389
231
352
296
256
294
263
229
252
309
279
225
237
241
256
303
285
292
282
304
280
1122
234
354
268
256
298
269
244
241
538
243
228
243
229
224
294
260
301
271
286
312
313
253
328
313
253
310
251
223
244
310
271
231
243
221
237
292
251
313
262
282
302
347
230
320
308
268
275
248
247
213
330
274
256
218
238
237
291
254
290
262
293
287
760
298
268
341
307
315
296
235
219
251
260
235
310
224
311
222
287
299
243
392
275
252
268
254
217
239
310
286
239
270
215
260
274
294
272
253
262
291
311
234
368
312
257
292
278
214
233
290
269
270
249
246
232
277
278
318
278
233
265
322
272
289
328
322
322
315
211
223
216
214
214
327
247
299
223
280
302
271
243
345
296
271
287
246
227
218
513
245
241
261
234
229
284
252
317
303
335
273
1003
295
264
245
212
303
258
234
211
355
300
376
300
258
264
274
213
236
602
257
229
249
229
235
279
267
300
471
285
338
925
225
344
292
271
291
268
207
220
602
247
220
229
238
252
275
266
282
237
279
296
270
343
346
312
302
302
294
235
217
240
238
236
326
238
307
254
314
295
255
209
363
277
271
277
250
231
220
313
256
245
274
220
225
287
254
298
318
261
275
255
307
346
225
314
211
253
229
316
376
392
284
253
273
298
228
215
311
239
234
236
233
225
298
271
310
275
289
306
348
259
357
294
271
275
249
230
211
324
273
244
260
233
234
285
259
340
269
305
284
742
295
268
339
306
307
338
233
238
242
230
228
319
231
349
254
314
297
258
364
278
237
279
261
203
230
286
268
261
233
238
244
293
261
315
287
344
270
304
289
224
247
210
293
232
229
211
297
362
364
300
250
272
267
241
212
303
243
241
256
227
246
274
279
310
282
300
302
292
236
328
288
261
287
279
247
217
313
251
253
228
252
284
275
271
308
279
305
322
293
255
317
275
234
296
233
212
233
316
241
249
209
234
269
291
254
332
270
309
257
242
343
298
316
315
341
246
219
211
207
205
322
205
303
253
326
285
219
317
296
267
289
256
199
217
314
242
253
250
251
235
289
262
299
288
294
298
294
253
336
287
252
290
237
218
235
310
233
232
252
234
263
269
271
283
252
284
257
219
298
314
344
325
321
323
224
232
222
220
214
321
212
312
224
343
287
243
233
222
373
304
231
303
261
231
211
310
242
239
235
243
243
276
268
296
279
298
1312
318
222
353
302
237
283
270
203
230
291
264
262
263
218
250
291
265
296
269
236
268
303
303
268
344
295
344
345
215
246
231
225
223
325
222
315
243
293
294
301
247
305
288
263
258
237
224
212
673
243
239
256
242
228
278
254
304
257
327
293
322
312
244
245
238
295
210
230
207
260
306
277
297
262
258
231
219
310
242
237
261
230
241
283
303
325
286
268
292
1219
259
337
275
280
265
258
247
214
327
272
252
213
233
220
297
257
320
255
258
280
269
303
324
321
316
313
306
226
222
217
247
251
303
222
307
224
359
290
259
344
271
252
270
250
218
230
290
267
225
251
228
243
299
272
288
283
306
338
323
239
374
281
253
276
285
228
209
311
238
240
271
218
262
276
272
305
293
261
1307
322
233
301
292
268
270
246
229
219
349
260
246
259
235
222
295
257
324
308
333
289
298
342
240
341
349
330
308
243
225
219
249
246
335
252
351
238
335
289
304
232
304
312
276
277
266
267
229
532
273
254
224
283
227
305
264
350
277
340
274
1162
317
271
245
228
321
233
237
249
269
325
285
257
279
267
221
241
300
299
238
239
259
257
291
259
314
267
291
317
289
252
329
270
253
271
260
224
239
311
232
240
245
230
232
298
266
288
275
294
309
346
246
315
282
264
258
242
227
213
309
251
252
256
243
212
290
253
316
292
246
294
312
229
307
294
287
294
284
230
234
232
224
217
315
241
336
247
290
310
323
234
309
289
261
280
246
250
207
309
243
240
270
226
212
290
247
293
262
283
322
926
246
336
310
239
268
273
205
227
643
251
221
235
235
231
303
267
313
405
299
288
318
251
328
299
268
286
253
248
221
318
240
253
205
253
218
286
255
298
457
284
334
311
223
353
285
257
271
309
248
216
328
275
255
240
237
251
275
282
292
298
277
310
356
258
655
300
234
301
261
205
224
620
267
260
220
211
233
295
262
294
265
285
339
375
227
362
287
260
285
245
210
224
308
246
237
264
225
261
275
285
320
280
261
288
1127
219
346
263
254
278
253
230
206
311
240
235
232
215
252
286
281
289
294
270
805
301
234
313
297
232
271
259
207
225
282
286
230
250
274
231
294
262
296
274
309
270
323
290
269
309
327
303
314
233
236
223
222
217
321
239
336
249
307
302
262
364
293
266
268
254
245
226
693
271
253
209
250
227
294
269
282
263
327
271
526
319
244
225
215
291
334
216
259
242
279
329
312
251
318
255
247
215
332
263
248
211
249
219
280
250
275
274
367
916
289
231
329
280
256
288
241
229
222
307
240
241
229
219
282
274
294
300
398
285
310
866
230
378
294
260
288
259
225
217
308
239
240
230
206
231
275
270
306
280
296
306
295
241
343
309
237
303
256
211
221
319
241
255
226
238
216
286
258
298
294
275
326
312
244
346
269
259
265
246
222
240
295
274
250
217
209
246
288
258
283
310
258
312
311
235
354
292
259
282
262
249
238
291
270
232
243
247
257
280
278
284
269
258
287
293
311
242
302
293
301
340
219
234
230
224
222
319
215
305
236
294
290
284
333
204
338
301
269
299
252
218
237
309
282
244
251
257
260
275
276
314
1292
392
286
254
294
278
247
230
320
239
251
256
240
230
301
245
287
291
288
313
338
256
311
294
270
319
237
225
253
316
292
270
249
279
239
281
285
306
303
271
296
341
233
307
315
405
315
305
260
234
228
253
248
307
235
353
255
309
304
236
325
205
329
285
253
292
258
247
208
309
244
241
252
246
211
284
243
273
261
283
338
295
247
309
285
253
282
268
209
232
291
270
225
249
256
235
309
272
308
250
277
296
219
297
303
713
294
340
324
223
242
216
208
208
310
210
316
242
289
296
250
252
282
279
270
266
252
244
218
316
235
243
245
271
222
293
257
277
323
271
280
256
343
347
225
329
234
229
213
239
336
326
310
257
326
281
272
234
691
260
242
230
248
246
275
266
313
272
293
332
348
234
308
287
260
263
253
243
208
303
241
241
220
236
222
289
266
298
308
242
267
220
300
302
317
320
299
237
210
206
204
240
289
234
323
240
286
295
223
307
294
257
261
243
227
219
312
244
242
254
236
209
285
248
309
272
329
278
290
308
248
268
207
329
324
226
238
243
283
321
375
289
259
282
287
250
220
314
242
249
231
255
239
277
241
316
297
260
317
311
229
605
298
272
294
294
207
225
570
231
272
244
281
257
280
257
282
294
272
289
292
233
285
276
255
276
264
208
227
286
230
218
220
236
233
275
264
302
279
253
268
328
268
343
319
307
298
288
232
237
241
237
233
292
221
309
385
288
262
302
268
248
219
314
242
263
231
239
240
280
275
289
278
293
312
296
236
353
290
262
281
286
248
232
313
277
244
239
258
221
302
270
293
276
253
307
347
251
352
290
259
288
290
249
264
305
260
265
236
226
241
313
283
340
282
307
777
342
256
311
287
263
302
243
247
210
313
242
247
256
237
216
291
255
298
261
256
267
290
316
236
323
320
292
310
212
228
225
218
216
325
207
331
369
302
276
298
262
249
220
318
262
254
253
273
221
286
259
328
314
279
339
1107
234
333
293
268
292
282
228
237
291
263
228
228
241
223
307
259
298
267
304
321
293
244
308
291
279
257
234
225
208
308
237
240
210
252
210
284
247
314
295
362
229
304
236
292
305
293
297
342
225
208
228
228
226
310
226
304
377
287
264
297
271
208
231
307
244
241
243
237
254
283
274
274
282
295
310
293
241
319
289
253
291
230
232
199
295
232
234
225
235
240
275
278
276
279
264
272
317
286
233
307
304
298
296
226
210
248
236
236
295
230
346
218
287
303
350
266
256
331
278
270
313
249
246
215
313
261
247
256
237
221
285
254
306
295
345
298
346
333
241
244
233
307
251
260
252
261
306
284
256
276
277
243
205
300
236
239
231
208
230
276
269
300
275
296
312
287
251
288
263
241
283
264
210
229
288
231
232
244
244
238
274
271
282
280
259
293
304
232
288
326
316
323
319
212
223
227
211
210
302
240
317
251
320
291
258
305
296
271
279
227
213
200
310
267
230
243
246
239
275
269
316
284
324
279
316
303
232
232
228
313
632
226
238
236
334
351
306
238
276
255
253
232
292
259
221
231
233
216
304
254
302
271
277
1290
351
231
308
286
263
259
234
223
206
561
276
258
229
237
245
284
253
314
259
304
284
521
300
240
331
300
316
304
249
219
213
240
203
308
224
321
227
290
291
238
330
214
308
290
260
309
238
222
204
310
236
236
253
234
246
275
240
310
257
336
268
567
312
240
256
237
311
232
262
242
263
302
327
294
258
290
272
246
215
312
251
243
239
243
240
303
278
305
284
325
697
344
249
318
294
269
269
248
199
214
320
240
252
217
243
219
284
255
297
268
243
270
324
268
300
312
304
300
300
236
217
203
245
233
319
196
330
227
334
291
224
320
288
277
306
254
246
216
309
239
255
234
255
918
294
251
288
310
278
316
348
239
289
269
256
287
265
207
226
332
236
220
244
248
241
274
279
299
283
261
275
309
301
268
336
304
310
299
240
243
209
243
238
305
235
314
211
335
299
242
368
290
262
286
286
248
221
323
295
251
239
209
244
276
267
302
287
300
305
294
228
345
272
257
287
265
224
243
310
270
229
258
228
239
275
271
310
289
328
287
504
320
236
328
344
302
316
220
227
218
225
217
307
215
325
232
284
297
306
220
319
273
253
274
266
207
237
315
244
253
210
289
229
290
256
298
268
305
282
295
346
255
238
245
324
251
246
243
307
336
313
239
308
264
247
243
310
290
277
231
262
241
301
282
306
279
316
325
346
275
363
311
287
279
259
215
236
320
291
245
267
237
217
291
246
342
294
260
263
343
267
302
325
327
315
321
239
245
243
241
223
325
271
323
238
323
290
235
359
301
280
269
250
216
223
318
240
254
211
282
225
292
261
276
301
314
266
294
325
262
247
205
321
231
237
242
282
340
345
276
253
282
274
257
233
310
265
250
259
238
214
288
262
314
307
277
339
297
243
351
292
253
275
254
220
235
289
288
227
246
229
222
297
273
288
298
276
299
316
245
310
290
270
270
252
251
207
317
238
253
210
255
218
287
253
318
266
265
271
305
327
239
329
328
301
321
221
247
233
225
227
326
225
317
259
324
298
245
349
287
257
281
277
244
250
577
244
235
235
239
230
294
254
312
302
273
294
1341
236
288
277
239
279
258
204
229
285
270
262
228
258
248
303
267
306
294
251
273
343
1204
250
309
323
321
324
216
234
220
212
203
303
232
319
249
320
313
246
328
286
253
289
248
234
242
309
238
237
262
225
245
270
281
296
274
285
317
283
250
327
285
251
280
267
250
206
309
239
244
246
243
238
300
267
292
274
291
318
347
243
329
285
259
291
287
248
216
317
242
255
249
242
239
274
280
291
292
295
313
299
237
320
297
236
288
256
228
209
311
235
239
258
234
250
275
304
286
288
282
303
209
302
298
312
306
310
263
222
214
214
248
326
239
313
239
325
295
251
646
292
275
255
237
227
236
346
255
250
248
263
248
302
282
296
282
343
268
315
240
312
214
234
307
315
221
255
223
227
353
282
253
277
275
248
242
293
263
235
229
234
218
292
267
305
267
284
303
317
247
338
288
263
257
242
228
237
310
271
222
250
248
239
296
267
308
277
269
293
313
301
267
304
311
319
301
203
216
210
208
242
300
230
337
223
324
313
319
233
325
306
274
255
250
215
224
668
273
253
256
239
252
276
246
305
290
274
1286
310
222
339
304
238
297
263
209
228
329
234
257
242
242
229
296
274
291
392
264
298
838
246
323
296
268
297
252
243
213
302
242
243
224
239
221
287
250
281
287
294
291
293
242
302
289
254
287
230
224
247
310
280
229
243
237
240
279
275
314
245
283
298
231
292
654
344
321
319
313
210
235
218
218
236
317
228
302
265
324
292
246
307
212
333
296
265
290
247
196
217
314
241
245
213
248
227
283
253
321
605
280
340
1003
253
303
290
253
282
230
213
234
311
234
227
251
228
241
276
277
310
257
285
305
227
301
620
322
306
298
298
238
213
241
239
230
302
228
338
265
278
304
252
251
342
307
258
284
275
223
213
544
238
235
214
247
226
277
280
291
313
286
267
257
312
303
217
296
238
236
219
305
384
335
311
255
276
274
223
240
315
276
236
249
201
220
268
234
305
283
261
324
299
221
359
305
259
288
294
245
242
647
271
248
237
211
207
275
276
283
264
279
295
312
240
334
288
268
258
245
231
206
311
238
243
232
268
226
283
255
315
260
262
275
286
319
241
295
311
315
305
264
222
212
211
206
328
244
336
219
337
293
228
395
279
362
344
289
239
305
248
247
225
314
241
253
212
248
220
282
252
286
305
280
314
319
249
306
288
264
261
234
215
193
289
232
230
259
225
237
274
274
297
289
325
300
665
306
264
296
310
315
302
245
216
211
206
204
302
238
290
235
294
295
246
230
355
303
257
291
239
224
213
310
233
235
245
251
242
276
280
279
269
335
279
296
315
232
223
218
297
238
251
259
283
401
308
235
259
250
214
233
289
267
221
240
259
211
284
255
321
294
272
298
347
246
303
273
239
280
262
222
239
311
273
239
212
248
221
292
270
291
255
282
286
268
312
487
299
300
286
324
226
232
234
236
230
334
221
318
248
285
290
252
245
344
305
237
301
267
232
233
295
264
230
286
219
239
281
262
285
313
277
658
347
235
301
285
264
260
243
230
208
307
240
244
257
239
219
287
246
294
265
298
221
1158
342
322
326
344
318
221
227
232
218
209
302
225
316
238
292
302
255
226
363
282
256
270
277
228
233
571
262
239
253
270
230
301
265
291
279
314
310
355
254
332
289
224
267
247
248
229
311
268
225
245
252
238
276
268
289
287
260
279
326
231
289
314
344
328
322
218
227
222
222
207
309
214
320
226
328
291
237
290
283
234
271
258
206
237
322
238
263
228
282
220
296
259
306
301
338
260
343
299
218
264
237
305
251
267
219
268
338
331
312
253
304
278
220
237
310
273
233
216
216
237
287
267
305
267
279
298
347
221
408
294
328
282
272
292
263
251
223
549
270
253
232
288
236
290
271
339
308
287
300
345
219
343
295
230
265
263
247
214
323
242
262
224
243
222
294
260
282
269
256
256
944
295
269
337
302
305
289
233
208
227
236
232
301
246
316
242
315
289
218
304
261
228
267
253
201
232
318
244
216
233
272
223
306
267
293
265
336
302
971
282
212
256
222
327
244
228
252
273
290
342
301
257
301
290
214
245
548
266
228
247
237
259
275
275
300
280
300
314
300
237
335
274
272
275
251
249
210
284
286
263
259
266
226
304
267
342
279
271
262
1089
304
268
324
291
321
339
235
223
230
235
230
354
243
332
244
326
310
262
296
294
258
294
250
226
215
310
304
250
263
252
251
278
282
333
299
360
299
332
314
239
276
233
338
242
338
297
260
254
276
268
233
289
269
223
243
227
219
280
255
298
299
270
297
831
225
345
282
257
277
255
216
239
282
269
226
246
240
245
276
278
309
268
268
606
299
222
344
282
254
279
272
209
223
314
240
246
257
238
210
285
251
317
297
267
306
694
259
316
271
274
274
262
246
210
315
242
254
233
268
232
296
255
331
255
269
270
265
343
283
325
325
325
311
213
236
224
248
216
333
251
310
223
292
292
248
241
332
308
239
289
265
206
221
331
267
254
226
236
222
290
261
322
292
261
302
304
291
312
312
271
303
268
211
234
289
294
225
253
230
238
315
273
300
307
267
281
299
307
249
327
325
324
317
220
240
239
221
228
351
256
347
252
314
290
249
320
284
269
259
248
245
234
627
270
246
249
267
235
288
274
288
311
258
278
212
310
341
215
303
217
236
250
266
338
343
310
256
297
288
241
222
325
276
240
233
255
245
276
234
288
282
294
310
295
227
350
252
228
267
241
227
203
318
238
248
231
267
215
282
250
279
256
249
255
1080
306
264
281
292
289
285
221
240
240
192
240
310
214
331
245
313
291
224
388
297
281
307
279
248
243
335
300
272
227
203
243
290
314
320
290
303
1323
312
239
358
298
230
266
254
204
219
706
260
255
216
238
254
284
257
290
273
253
274
322
264
310
319
314
309
306
242
216
207
203
245
326
240
310
220
288
309
300
237
369
301
260
295
247
225
218
707
245
243
257
196
216
279
244
318
296
326
297
442
311
241
250
225
322
233
240
246
316
329
329
320
264
286
277
254
224
322
252
257
255
232
246
271
283
278
283
274
333
298
224
341
286
258
291
235
218
203
310
233
237
265
233
242
269
277
309
287
328
293
317
316
226
324
324
318
307
246
220
218
210
246
324
243
309
210
293
301
317
246
302
290
257
292
236
221
206
707
243
234
257
236
211
281
241
326
254
311
281
328
314
241
235
235
317
239
252
243
248
362
300
268
293
296
254
220
302
241
239
223
253
230
298
265
296
277
304
1201
317
233
307
300
229
266
261
204
221
323
241
254
213
237
222
276
267
308
270
302
230
305
287
269
325
305
302
338
224
236
236
232
228
316
218
316
238
296
290
305
233
292
275
272
269
261
201
233
283
283
218
230
254
226
301
268
278
269
292
286
469
297
229
252
221
324
245
250
243
327
262
369
303
236
316
267
267
220
314
228
230
249
219
226
294
263
310
266
287
313
295
248
337
286
259
284
235
213
231
293
257
228
254
233
249
275
280
283
282
264
269
545
296
269
330
297
307
292
233
242
235
237
233
309
243
314
238
323
297
304
241
333
276
257
268
262
208
202
525
254
228
259
224
238
276
273
282
280
305
279
996
317
256
410
280
257
289
251
231
236
292
262
229
258
223
237
296
276
286
306
297
332
1143
239
373
286
252
301
272
224
237
325
236
246
218
202
252
285
253
284
307
279
301
310
236
319
288
264
309
240
224
205
322
266
240
250
256
216
296
265
310
259
330
231
1278
314
266
303
321
322
308
263
230
212
212
202
315
243
319
241
333
291
252
781
297
277
284
278
246
228
304
271
244
211
205
214
288
247
285
255
276
304
312
264
372
282
233
266
227
225
248
322
248
256
254
245
237
277
287
452
268
255
273
312
302
263
279
289
298
292
223
208
211
248
242
333
229
328
233
297
290
235
378
302
236
291
259
208
223
323
242
253
233
193
251
292
258
318
1138
274
513
292
234
372
268
253
305
270
261
253
291
287
271
266
223
218
296
261
298
299
290
302
293
259
318
313
302
262
247
245
196
316
292
243
245
284
230
302
265
291
284
272
257
313
319
229
308
322
287
316
214
297
198
199
210
328
216
304
249
293
287
254
364
264
235
273
261
209
231
304
265
226
248
244
242
275
271
281
277
329
278
461
292
229
257
218
310
234
244
243
269
375
388
291
259
275
283
247
220
321
244
250
249
235
242
269
274
310
285
263
686
316
237
388
384
363
293
270
283
265
248
223
316
298
246
283
245
257
281
276
310
780
285
307
326
225
336
285
260
279
281
247
213
310
244
260
231
264
239
270
283
292
297
266
1251
306
246
313
297
227
267
248
247
215
317
244
252
250
226
226
285
257
294
263
255
267
322
268
342
296
288
324
320
229
229
229
223
219
297
210
332
241
327
290
241
310
210
308
290
271
311
257
211
235
318
246
253
245
251
256
289
254
296
326
303
266
254
302
312
216
314
231
270
267
572
