372
311
270
300
247
252
221
659
267
242
223
237
230
278
249
304
294
273
229
294
321
228
327
302
261
303
245
231
233
282
247
256
250
237
228
287
261
287
298
243
268
338
303
245
304
317
307
306
243
239
214
209
209
295
242
329
236
252
295
287
243
335
242
334
268
263
263
243
225
211
308
235
245
246
266
225
283
247
303
264
298
278
300
270
248
243
253
309
951
236
246
265
306
238
312
678
322
261
290
284
244
209
644
293
245
243
237
199
275
272
294
285
295
303
280
240
223
742
265
257
279
262
206
227
644
251
235
249
240
239
275
270
295
281
257
260
303
268
342
309
299
294
292
237
212
236
235
238
318
231
308
236
266
335
305
233
347
268
234
277
260
200
224
314
243
257
246
239
245
295
265
287
278
301
285
295
286
257
250
218
299
214
223
231
210
243
318
392
314
226
286
239
199
221
312
245
250
206
240
200
275
239
274
290
267
316
314
199
246
357
297
228
287
284
207
225
544
283
255
256
234
249
280
243
278
293
265
286
311
248
340
290
225
263
244
247
211
323
233
242
219
242
216
289
249
290
199
252
261
250
307
278
261
320
274
312
306
206
220
211
217
213
293
229
307
335
273
220
277
259
195
215
608
237
239
214
217
219
322
254
272
227
1295
278
306
541
226
322
276
232
274
240
207
228
325
250
227
220
240
214
242
251
278
225
254
257
284
241
306
331
302
312
301
287
212
220
222
214
206
311
218
331
340
1310
244
280
246
211
227
660
231
224
226
233
215
286
250
315
223
276
266
295
306
246
362
295
240
272
253
201
218
278
245
253
224
237
220
301
261
282
237
270
242
264
274
273
260
318
284
291
276
211
231
233
227
216
311
224
287
700
1312
256
270
262
216
237
664
241
230
242
241
221
275
270
302
211
264
256
285
418
247
362
292
225
291
235
200
231
307
255
212
253
241
213
271
251
272
215
269
288
279
301
223
360
278
257
283
232
213
230
308
278
219
248
236
227
291
268
278
237
268
260
268
282
342
247
324
283
280
277
217
237
225
228
223
310
217
332
342
276
267
277
346
244
213
311
244
255
215
230
252
274
278
307
211
265
285
338
294
229
329
281
237
274
246
203
227
321
245
216
221
235
239
297
257
288
233
260
290
282
271
909
284
289
301
303
287
230
206
194
232
230
303
222
290
329
311
267
279
246
256
232
323
254
257
258
235
240
275
296
319
209
257
274
304
346
210
377
291
253
265
258
206
226
564
249
223
229
252
236
276
277
288
276
293
309
285
225
249
337
263
237
282
253
203
223
565
241
259
249
234
225
296
261
293
270
275
292
228
311
269
348
298
307
289
285
235
228
231
229
225
302
212
333
347
290
267
287
256
247
211
289
226
226
213
236
245
275
279
292
210
292
280
317
346
246
362
289
231
271
256
199
218
277
245
216
225
238
223
275
261
284
230
262
234
275
281
343
264
327
293
289
287
236
213
213
235
231
311
228
299
341
286
254
297
246
247
209
319
274
241
242
253
248
314
283
312
283
263
781
284
233
358
273
257
266
258
244
203
571
269
249
245
247
240
281
283
290
229
278
265
295
298
238
360
280
236
294
256
204
227
321
242
217
224
239
218
292
250
281
263
282
297
307
249
336
281
259
289
267
247
212
321
268
242
239
239
238
275
279
293
279
301
798
297
225
369
291
231
267
251
245
218
602
239
263
249
242
218
302
258
290
269
262
268
469
313
237
307
341
323
307
208
226
217
204
205
287
245
322
357
277
258
281
245
225
216
302
257
214
232
238
230
275
264
287
263
243
340
303
250
356
283
252
282
226
210
229
291
267
226
245
252
195
276
238
292
259
267
283
304
319
263
705
308
304
302
204
225
211
207
201
300
207
295
252
368
272
256
266
260
225
218
543
239
235
242
229
224
310
266
276
272
284
312
347
220
336
305
271
306
281
221
222
278
255
255
247
203
207
278
239
280
290
274
294
306
269
310
292
253
251
257
228
210
310
242
239
249
241
231
299
268
289
279
261
299
314
347
853
326
287
285
321
212
236
226
222
216
324
206
362
228
333
281
257
289
264
244
208
314
247
248
239
237
235
275
267
285
274
293
231
312
292
224
329
296
268
286
272
257
231
276
247
251
250
239
242
278
275
281
289
267
295
316
249
337
261
254
280
255
208
229
571
237
260
231
251
227
307
265
284
270
251
258
304
317
236
215
332
321
317
317
207
214
221
214
213
295
249
316
353
273
253
268
267
214
232
290
243
227
247
235
236
275
270
284
210
285
274
315
317
222
374
300
229
290
265
204
219
378
270
256
253
242
230
282
242
296
294
268
299
307
198
231
285
271
256
285
229
214
237
308
230
231
252
236
239
278
281
287
297
330
284
537
282
239
323
286
220
294
319
220
231
225
223
209
273
215
331
715
273
261
283
245
227
216
282
232
219
238
200
690
275
226
281
200
255
287
334
574
257
337
305
239
259
256
247
213
330
246
261
236
241
231
300
263
281
237
276
263
305
420
251
364
264
232
297
245
207
228
606
248
222
226
230
212
292
247
281
220
257
291
1269
296
210
340
285
237
261
273
214
237
328
268
249
259
231
211
283
243
289
294
273
328
302
237
298
275
256
274
235
218
201
307
233
231
247
244
204
278
277
290
295
264
273
303
303
248
368
260
255
295
243
210
235
292
257
220
255
243
215
288
244
293
264
274
246
312
302
248
330
282
258
294
233
229
206
314
237
239
253
238
215
282
244
308
217
264
270
269
307
304
296
305
323
325
309
209
221
217
213
200
296
208
324
357
325
256
297
230
197
208
303
244
243
245
202
202
276
270
309
213
273
268
307
308
238
352
274
258
266
253
232
241
615
268
250
232
234
215
286
249
281
658
236
275
282
1037
254
323
270
262
261
243
228
207
615
260
243
219
237
240
290
252
285
224
240
270
275
268
291
311
299
287
283
279
183
203
191
223
223
291
229
315
368
301
296
286
267
230
207
313
244
243
221
224
242
270
286
290
215
261
252
284
299
250
286
267
257
286
227
212
231
687
256
229
253
247
248
274
283
287
218
284
252
279
298
291
248
328
288
320
318
217
238
233
203
242
296
230
330
376
271
261
273
338
264
208
304
239
239
247
239
235
275
268
283
243
297
265
296
291
237
310
277
260
277
240
223
202
313
246
250
231
236
220
324
309
241
295
288
217
230
284
228
257
223
258
220
289
248
288
292
279
328
300
274
218
306
290
225
266
254
248
213
314
244
249
229
248
225
289
255
318
261
301
249
296
283
241
323
286
320
319
222
228
224
212
214
319
212
337
209
375
312
257
308
258
214
244
317
245
249
224
244
246
283
255
288
283
296
506
786
232
252
369
303
236
298
244
210
231
284
230
227
224
238
227
286
250
281
264
285
224
609
302
247
365
294
264
297
266
248
222
293
265
226
248
250
241
280
287
277
287
259
657
301
222
350
276
252
254
236
226
206
312
241
241
266
228
221
280
254
304
220
291
253
285
305
343
260
339
299
294
289
229
203
237
235
231
306
231
290
333
303
238
301
263
208
230
306
235
231
245
203
208
274
236
273
291
255
291
1067
211
248
306
303
259
286
228
213
232
709
270
226
248
244
251
275
271
275
263
278
292
240
215
314
295
305
314
311
307
214
217
225
219
213
320
245
335
349
283
259
282
283
243
203
661
255
237
243
233
242
288
246
283
266
262
291
294
229
250
329
281
257
279
244
232
209
312
239
239
255
242
221
277
247
286
284
289
458
315
236
357
275
257
269
258
222
201
311
235
238
230
235
221
297
262
283
267
285
312
308
212
315
302
263
261
246
249
207
267
244
246
258
237
221
280
250
272
261
259
280
294
314
237
325
322
289
308
214
187
226
221
217
286
208
327
265
359
284
227
296
254
247
218
304
246
211
232
234
222
287
251
289
265
283
294
341
423
250
288
271
255
249
230
222
240
284
234
230
245
240
240
277
277
293
284
243
269
443
342
327
230
314
297
297
233
250
234
227
218
309
233
390
367
320
269
282
247
245
210
662
254
246
246
212
221
289
244
279
270
260
291
1308
239
326
276
258
265
259
223
206
518
267
237
239
235
235
275
264
293
240
299
268
293
297
240
350
275
257
278
265
192
211
314
236
243
251
231
236
276
269
296
241
270
279
345
351
241
372
295
253
278
267
215
234
294
262
227
242
241
241
275
275
285
283
262
642
313
216
330
288
259
260
243
229
248
310
233
233
258
232
267
277
239
279
215
288
260
281
303
297
251
300
310
308
302
202
204
207
205
202
311
228
321
360
294
253
264
286
216
234
291
270
226
241
241
243
275
271
292
277
269
299
286
257
348
280
258
297
261
248
214
317
236
248
224
271
212
282
246
291
291
252
266
240
300
295
345
303
295
287
230
202
235
235
230
284
250
241
307
401
301
254
264
261
214
251
310
235
236
246
239
235
270
283
307
387
265
338
826
1172
240
341
292
259
303
219
203
222
280
247
219
220
242
224
296
260
288
295
254
267
343
319
249
235
299
292
288
283
226
206
238
228
226
299
217
334
385
305
237
271
303
260
206
311
234
234
230
248
223
276
269
280
271
251
213
833
339
253
340
302
256
263
248
230
233
287
269
231
230
235
224
300
256
289
228
267
295
324
300
231
339
298
270
269
256
232
211
641
239
248
219
237
226
290
255
286
225
258
248
254
311
310
232
301
305
301
299
237
207
205
237
237
312
236
301
325
288
263
278
269
244
211
308
241
270
248
239
236
275
280
296
277
294
313
311
231
233
362
316
232
263
255
246
211
316
244
257
227
239
221
293
270
318
267
251
257
306
285
268
299
305
311
295
239
213
213
229
210
221
307
219
337
376
274
256
270
283
243
205
655
249
237
236
245
233
294
260
290
235
288
286
340
317
256
356
306
257
281
265
208
225
285
228
223
240
241
241
272
269
282
300
260
317
309
246
357
296
257
293
233
216
201
307
233
233
252
246
243
272
287
289
251
290
301
229
283
318
292
322
318
314
224
240
214
244
220
210
295
212
318
348
276
257
268
273
223
239
300
233
229
247
227
225
294
262
283
273
289
315
243
493
239
367
309
234
274
259
205
226
282
245
225
243
235
225
303
274
303
281
262
292
211
331
268
291
319
301
301
297
236
215
215
204
235
331
228
315
328
284
258
278
250
226
205
311
238
243
262
227
220
287
259
280
610
260
245
290
1021
222
389
268
252
265
252
217
236
300
231
231
228
240
234
567
274
268
283
260
242
205
319
258
228
229
242
249
294
284
325
271
293
314
353
235
365
294
225
260
248
243
212
520
238
250
218
247
229
305
266
324
274
254
258
283
273
318
312
294
299
299
225
206
200
190
192
292
226
364
362
313
275
293
248
249
217
273
245
249
238
225
221
300
254
293
265
277
321
450
224
362
281
260
277
265
230
209
308
241
243
239
243
238
275
282
295
271
295
316
295
227
342
264
239
272
219
208
223
564
254
224
249
239
231
302
267
287
279
239
286
306
289
268
324
286
284
278
223
227
230
226
228
287
563
312
381
298
257
302
261
229
207
312
236
240
264
230
209
322
296
228
286
257
243
219
510
254
253
227
241
233
287
251
287
301
271
343
294
217
359
267
275
262
235
199
218
314
246
260
220
239
216
289
245
279
239
260
222
280
690
304
322
316
302
298
296
236
214
205
239
243
314
233
339
348
313
256
273
265
227
239
310
234
231
249
240
230
271
271
288
211
284
490
288
307
248
296
278
255
255
238
223
202
310
239
239
256
242
223
281
253
295
302
282
302
300
313
209
225
324
290
290
283
222
235
231
228
224
299
225
303
369
283
251
310
268
221
218
326
240
250
230
246
222
313
266
287
267
290
1260
305
241
328
271
238
262
265
212
228
310
237
239
253
242
213
281
245
277
293
276
305
286
221
365
301
260
294
237
220
201
308
238
244
250
240
208
278
283
286
261
285
261
228
1108
293
326
285
328
317
215
228
227
222
216
324
213
338
246
360
277
264
289
260
243
212
305
242
250
220
242
225
314
268
316
239
259
259
684
316
257
416
294
336
376
283
256
291
259
215
230
324
235
245
223
239
235
282
247
283
293
274
304
1202
245
352
293
228
292
242
222
234
287
269
265
265
242
221
282
243
280
297
271
290
311
218
319
286
256
292
229
211
231
574
242
250
248
246
234
275
293
276
281
267
274
297
296
261
329
306
309
292
237
213
215
227
233
304
229
338
237
372
303
259
312
281
222
239
304
243
251
253
242
232
297
254
301
296
272
339
1175
218
362
290
220
287
269
247
220
317
241
254
248
240
249
336
296
255
275
256
215
227
292
261
219
264
239
256
275
272
279
284
261
244
172
299
243
314
290
259
285
256
248
223
314
245
221
244
202
236
275
237
272
280
298
512
790
249
325
305
234
295
266
205
226
575
251
233
247
248
249
281
286
289
279
283
307
302
221
336
284
240
278
271
207
228
288
236
223
245
250
241
275
275
285
272
248
296
290
705
221
336
290
289
282
226
238
235
227
225
217
308
224
333
374
319
256
293
254
215
235
563
251
224
242
270
229
289
252
279
257
279
1222
308
251
323
272
257
267
257
223
236
303
235
228
234
256
232
288
244
267
273
267
298
318
217
265
301
284
259
258
245
225
200
306
238
235
265
230
210
279
248
323
301
295
297
311
315
228
227
333
288
286
282
225
205
232
228
227
312
221
299
333
292
233
298
268
210
243
313
236
241
248
239
208
305
318
258
275
240
223
254
318
263
233
249
241
265
278
238
264
213
274
263
299
321
243
328
285
260
278
242
223
204
315
246
248
226
201
227
289
250
283
323
280
339
303
232
337
319
272
288
263
248
228
311
278
238
248
239
251
276
271
287
276
265
339
1246
226
345
282
255
286
254
206
229
291
261
222
254
236
243
275
263
281
300
265
263
291
308
259
302
313
329
306
244
208
224
239
228
313
235
330
234
375
300
253
264
322
254
237
289
229
223
217
238
212
286
251
278
255
276
287
290
231
237
373
297
231
296
249
206
227
310
242
249
250
241
215
281
278
304
289
290
288
290
262
329
298
227
290
256
199
219
291
267
237
241
241
250
276
269
320
247
260
294
285
287
226
378
312
235
266
250
220
233
291
227
229
233
225
216
290
257
278
260
280
295
346
227
291
266
297
231
224
217
231
711
271
223
249
247
268
275
270
284
279
321
298
565
308
223
243
291
283
283
275
213
235
225
227
227
306
214
325
358
276
240
282
269
216
233
620
233
231
228
235
224
272
245
273
236
276
265
287
287
247
324
333
291
262
286
297
224
226
279
245
254
241
239
231
305
269
287
245
271
268
317
312
268
338
392
270
256
268
259
228
251
702
249
234
233
238
255
296
259
298
252
288
268
300
313
203
336
270
256
284
230
207
228
279
229
219
223
238
218
296
254
294
228
252
265
262
289
309
346
307
299
323
321
213
223
206
241
236
304
195
329
221
288
289
305
234
329
283
253
300
227
209
200
300
270
224
246
251
239
275
285
289
205
250
333
277
294
302
228
237
226
292
222
229
627
324
255
315
360
293
289
290
242
208
225
278
245
257
230
237
220
283
243
296
232
292
294
308
292
233
347
304
349
312
254
257
258
223
202
305
237
232
206
201
211
273
242
284
236
269
259
284
583
208
311
287
259
287
233
215
238
713
269
230
251
236
202
273
242
290
219
308
265
257
236
730
294
289
301
299
292
235
211
238
243
236
305
223
339
230
290
291
231
212
281
281
256
275
246
223
204
558
241
257
226
248
216
289
253
282
287
948
302
301
225
398
272
255
278
236
231
206
310
236
247
242
243
244
279
278
282
291
271
1140
310
243
355
299
228
284
253
210
218
284
267
265
230
235
250
305
267
292
267
237
264
304
293
269
323
346
320
316
222
223
219
215
211
316
215
335
224
298
296
221
347
266
255
267
255
198
231
525
243
257
228
232
225
294
260
288
265
305
289
306
290
220
285
225
304
209
260
249
263
305
349
264
260
271
323
207
237
521
239
217
225
201
225
290
256
283
253
276
275
394
212
235
362
291
258
279
272
228
219
309
248
240
236
205
235
275
229
284
206
276
279
318
292
256
365
298
229
270
249
248
203
311
246
237
248
236
228
282
277
291
254
275
228
290
308
217
302
293
294
291
286
209
226
221
209
207
309
228
296
376
264
253
309
270
232
229
287
270
220
231
246
229
276
254
287
240
263
288
338
309
233
282
263
224
266
249
249
212
272
245
243
258
238
223
281
249
279
221
288
294
271
231
338
285
690
314
310
306
208
217
208
213
204
295
250
324
330
280
309
227
256
210
229
293
257
224
261
233
202
261
290
294
279
222
275
298
303
237
369
317
237
302
253
216
234
288
230
226
228
240
227
297
272
283
225
260
297
297
305
233
281
263
241
283
269
208
228
286
230
222
250
243
239
275
270
298
241
273
251
277
287
315
254
324
292
286
286
224
235
231
225
216
297
229
333
386
299
237
260
279
248
213
310
254
247
245
219
210
280
243
286
246
266
299
286
224
365
295
232
290
243
208
229
284
270
221
255
204
212
281
245
298
248
270
635
279
226
347
316
254
315
263
230
242
311
273
234
240
231
228
283
253
277
266
277
294
274
247
370
284
258
282
270
210
217
314
244
246
266
231
237
275
267
277
268
251
305
310
218
332
281
254
296
253
228
201
312
234
241
253
233
241
277
267
282
292
332
289
284
324
225
320
324
316
347
223
229
218
218
225
309
242
299
356
304
238
275
249
222
231
287
268
223
250
221
213
284
247
297
259
274
307
286
238
355
301
238
278
259
207
224
327
244
252
221
235
217
290
256
292
263
251
271
298
295
266
324
287
295
491
222
233
238
210
236
322
231
325
341
293
240
275
264
224
205
305
229
225
238
203
234
275
272
277
283
266
466
245
304
233
371
272
235
278
258
205
225
305
262
262
249
239
233
342
267
290
284
237
270
344
303
248
217
327
317
273
271
215
231
217
215
217
305
208
341
365
296
274
280
267
247
213
314
242
244
242
240
250
275
263
293
284
260
307
347
246
350
285
259
267
246
228
201
309
239
247
252
239
211
278
245
284
256
296
302
523
320
224
305
303
316
300
238
209
196
201
195
302
228
319
320
298
258
266
350
261
239
636
269
233
233
260
223
295
272
312
275
287
304
279
270
344
302
257
261
237
223
203
306
236
238
255
239
208
279
249
316
254
291
286
307
232
301
339
322
323
317
231
202
248
246
222
228
299
212
319
333
283
270
298
254
244
223
305
227
225
265
224
233
276
266
284
361
301
290
842
237
320
270
227
270
249
243
209
317
266
231
250
238
250
274
278
292
259
283
263
226
291
313
292
339
322
318
229
238
228
220
218
305
232
337
294
273
221
286
249
244
212
312
240
262
237
237
261
289
265
309
273
295
298
318
233
302
276
257
288
232
210
230
307
232
230
248
239
250
275
290
287
283
256
259
313
307
220
300
306
276
304
207
212
208
210
240
307
238
300
256
347
306
253
276
250
227
208
311
234
243
259
228
258
278
283
299
289
268
686
305
254
313
288
253
291
255
225
212
311
236
233
244
237
226
295
258
287
264
249
284
314
312
558
285
310
295
316
217
225
201
232
242
300
238
315
322
247
261
266
238
216
240
282
249
256
233
237
227
297
282
299
300
264
1302
313
237
331
275
238
269
275
211
234
315
244
248
220
204
215
288
262
274
780
261
339
390
217
329
301
268
300
254
248
227
293
263
250
240
247
239
275
234
288
275
298
284
314
243
335
268
263
267
264
220
246
310
238
230
230
260
199
283
243
273
647
280
268
1066
218
228
330
281
256
277
265
196
210
310
244
244
251
233
230
274
275
285
275
258
303
319
269
300
277
253
271
259
249
207
277
249
256
243
232
230
297
271
294
273
297
310
304
230
343
283
259
282
241
223
205
519
251
259
240
233
235
299
262
275
292
265
306
338
245
372
317
265
305
263
248
222
316
255
257
245
237
245
280
267
291
243
286
298
273
301
317
297
313
339
326
218
232
226
221
218
285
226
231
339
365
278
264
285
284
249
217
320
240
262
216
287
225
303
283
314
282
265
306
706
232
334
304
236
295
237
212
231
310
240
246
246
243
222
285
276
282
650
261
289
1071
218
325
263
262
260
218
211
236
288
231
231
242
246
251
274
289
289
266
269
270
291
313
256
277
289
295
320
221
241
226
223
219
292
219
296
379
260
255
273
232
224
207
282
229
222
247
237
249
270
278
289
282
262
314
292
242
344
284
253
271
260
219
237
292
224
226
243
245
246
275
272
313
274
303
297
313
250
377
269
255
294
273
212
236
510
267
230
234
233
221
293
259
288
264
252
301
350
237
305
289
266
266
238
247
217
315
243
256
222
234
219
292
249
287
263
266
283
308
296
268
295
307
315
307
247
220
215
216
246
303
226
330
373
283
269
289
254
242
209
307
246
233
244
241
251
274
280
309
313
275
337
642
227
333
276
257
262
267
208
231
637
279
237
251
239
217
282
241
305
277
284
306
290
224
360
295
271
278
279
244
211
637
241
245
242
239
238
275
272
285
277
258
296
313
237
346
282
255
292
227
215
234
308
231
232
250
247
240
270
276
318
293
329
289
305
223
292
307
301
304
293
228
255
240
242
218
238
321
215
327
329
285
253
288
269
222
239
547
237
233
236
233
226
296
258
305
263
282
1009
1237
219
287
277
235
271
224
203
223
323
245
218
249
275
237
293
257
286
248
272
283
269
314
314
309
303
301
299
243
215
205
236
237
284
240
334
227
339
273
300
237
290
218
236
311
267
235
221
237
233
303
248
304
232
285
277
305
313
224
341
298
233
296
258
216
226
568
269
244
237
233
231
295
252
281
269
283
310
346
233
602
293
223
284
284
220
225
567
235
253
261
233
218
278
243
282
289
269
293
304
250
352
285
257
291
239
222
203
567
259
253
254
237
209
282
240
278
291
279
267
321
240
304
307
293
300
285
213
221
219
206
235
321
207
331
345
295
240
256
281
221
232
577
247
223
225
239
231
288
249
283
264
280
296
346
251
354
309
262
262
244
228
211
310
244
244
232
269
225
284
249
285
258
258
285
291
323
236
325
321
288
315
220
222
211
225
221
289
233
333
353
298
287
284
291
226
226
550
257
257
218
281
244
283
282
319
293
269
321
311
220
332
283
257
259
241
225
212
310
241
242
257
238
212
281
248
286
292
259
260
288
305
805
310
297
292
289
242
202
236
232
217
287
225
328
321
296
240
266
263
210
231
289
269
221
238
237
242
275
260
282
290
269
310
722
237
324
256
255
257
240
227
204
314
235
240
263
232
238
279
249
291
256
249
266
231
320
260
301
289
287
285
223
203
233
233
233
296
218
327
360
279
257
266
246
222
204
310
232
239
223
207
228
274
257
290
268
285
307
310
239
327
300
229
272
251
247
220
313
246
256
217
236
226
286
257
310
274
304
288
518
301
269
292
300
306
292
217
230
226
222
220
280
216
316
309
279
251
268
227
211
204
289
239
226
247
235
245
267
288
286
258
274
313
859
233
341
304
254
279
274
217
236
537
239
230
246
239
256
273
274
290
283
256
303
346
249
333
279
236
264
267
219
235
294
268
228
234
232
228
284
256
288
269
282
324
293
229
335
272
257
292
233
228
201
303
243
236
262
226
243
282
277
280
282
294
292
307
231
297
318
313
323
304
209
216
212
206
204
306
244
301
333
299
233
297
277
245
224
678
238
236
252
243
221
275
276
295
278
308
300
697
211
308
286
256
304
225
210
230
303
268
220
251
228
235
275
271
292
254
276
256
218
1020
308
331
292
288
296
234
208
244
228
229
320
234
330
353
284
255
268
269
248
233
303
230
229
231
244
236
274
256
287
271
295
301
335
237
332
269
236
262
250
217
234
310
232
228
266
253
232
301
257
287
279
293
327
311
248
331
304
266
292
250
221
238
294
268
229
246
201
235
274
240
314
661
269
306
1066
232
328
307
256
299
262
205
224
308
234
233
217
242
257
276
307
320
273
282
501
314
237
346
280
257
283
230
207
228
286
269
223
248
242
243
275
227
288
249
251
270
287
1176
281
289
301
295
293
244
211
239
235
226
299
228
331
373
278
263
295
288
251
214
321
233
246
250
238
215
274
274
289
282
261
315
312
227
311
289
233
269
246
248
212
272
245
247
233
265
215
295
251
299
258
255
260
313
234
295
308
300
308
292
211
216
222
229
200
197
317
233
334
346
288
259
281
248
231
216
315
246
248
230
236
217
282
244
288
297
287
310
917
230
303
272
257
282
263
202
219
316
246
269
223
240
250
300
269
289
265
271
287
268
312
346
319
305
305
299
203
219
207
204
237
305
238
327
343
311
240
268
253
220
233
280
229
222
229
239
245
279
251
289
266
288
1094
307
239
285
277
240
288
225
210
227
278
230
221
246
235
240
275
272
314
281
283
289
515
303
220
320
286
322
318
222
203
232
217
237
212
313
211
357
559
311
241
308
257
194
219
525
233
249
223
199
225
287
251
278
282
253
451
301
223
237
340
290
256
293
232
214
235
524
257
230
253
245
255
292
282
289
213
271
234
275
297
314
257
295
306
315
301
240
216
218
204
202
330
216
311
323
319
257
295
239
210
233
670
261
219
267
227
214
276
243
276
250
270
291
303
247
329
272
254
289
222
211
227
295
264
227
249
247
235
270
270
280
276
321
287
313
301
217
326
321
300
314
225
232
221
217
213
335
212
319
360
287
267
285
273
249
218
311
234
234
239
233
229
301
277
288
292
298
304
315
231
333
261
263
260
252
227
210
314
243
248
209
262
216
290
258
274
241
301
276
240
315
289
305
298
303
292
229
211
236
232
225
288
227
319
216
332
292
268
288
247
217
223
324
241
252
256
240
244
277
241
293
293
269
1202
320
243
421
298
235
332
385
255
263
289
252
247
216
312
232
231
255
231
241
266
275
278
280
259
286
1129
232
361
283
270
294
278
255
225
676
251
250
255
231
244
305
277
304
278
292
309
344
217
294
275
258
289
233
216
199
677
277
238
215
238
268
284
290
281
287
273
293
319
305
237
325
294
304
293
228
200
238
232
233
286
225
299
314
276
255
283
274
245
207
312
242
246
255
229
240
269
271
286
288
260
308
347
217
308
283
240
280
251
218
234
310
231
228
229
235
276
305
269
308
258
244
259
318
310
694
291
284
343
309
206
224
225
226
210
313
211
316
384
268
257
297
264
205
224
283
270
257
225
236
229
280
249
279
292
273
305
290
230
376
312
262
257
246
228
206
307
243
242
216
238
221
293
248
282
261
292
270
236
302
319
296
288
288
288
228
209
237
234
239
302
226
324
351
319
256
281
306
228
202
299
239
245
244
239
237
274
278
299
274
321
305
308
253
288
274
230
271
254
199
218
278
244
253
249
236
225
296
270
280
273
262
280
264
306
300
320
304
300
298
238
215
210
238
202
302
237
292
372
281
256
260
248
222
193
289
232
226
226
237
220
296
254
287
259
278
299
346
235
296
272
257
291
235
222
204
305
241
234
211
236
205
278
243
283
287
243
282
307
268
311
318
302
307
294
234
208
202
240
234
300
231
330
268
666
282
224
291
318
225
204
630
229
226
240
203
197
275
233
295
285
253
282
315
212
374
288
226
289
239
209
240
282
245
256
250
239
245
281
256
284
291
269
318
304
222
327
267
255
285
265
209
230
286
229
220
244
240
241
275
266
296
274
261
251
319
295
268
328
343
286
308
222
224
225
217
212
317
208
307
329
288
268
288
281
243
233
327
277
253
223
226
206
277
244
316
296
270
311
315
249
341
296
260
282
265
245
224
570
267
247
245
245
201
301
238
321
281
279
327
300
243
361
294
229
269
252
202
217
334
271
254
233
241
223
295
253
287
272
247
263
307
288
269
324
287
292
318
217
230
215
224
216
294
219
329
257
329
292
224
289
251
245
213
306
235
234
247
239
272
278
278
292
274
281
1315
310
220
366
303
266
295
268
225
237
311
235
236
210
239
204
275
242
277
515
260
291
942
209
374
306
257
280
243
228
209
313
235
241
251
253
208
279
249
283
287
270
308
296
248
352
288
260
292
240
223
203
517
233
241
219
229
213
283
248
295
254
271
269
322
268
282
316
302
298
297
239
207
204
214
243
307
233
326
350
292
273
259
262
252
219
307
232
230
243
241
243
270
287
295
272
270
307
305
252
313
280
254
283
234
215
230
291
275
225
249
246
241
270
272
1312
267
259
275
293
311
257
221
296
321
316
317
210
231
219
215
209
314
211
330
325
293
293
281
274
198
218
510
249
268
251
249
248
298
274
280
288
264
308
347
232
323
291
256
280
232
210
235
511
269
232
254
245
242
274
234
286
247
243
275
419
300
324
304
290
294
247
249
243
237
235
314
230
359
222
362
307
238
307
265
207
220
266
243
245
235
240
221
306
261
274
263
322
306
296
242
326
273
230
271
259
243
212
308
242
247
244
277
225
294
261
283
256
262
294
267
289
309
343
318
316
310
229
236
227
230
218
331
201
324
344
281
264
248
286
222
237
283
281
261
250
237
246
281
276
310
289
269
1202
284
230
319
273
250
288
259
210
222
286
231
225
245
236
235
274
269
295
246
276
275
300
301
246
281
306
311
307
301
235
208
200
196
234
307
233
337
327
293
235
298
262
224
235
328
241
260
253
237
244
282
242
293
283
260
649
299
222
333
294
266
282
267
202
222
518
245
255
258
231
251
274
262
281
292
267
301
303
240
291
286
262
298
240
225
210
310
237
241
249
237
218
280
278
283
290
338
247
287
236
320
287
283
323
223
238
219
203
212
210
324
245
344
328
296
238
298
251
240
226
311
241
213
205
247
208
275
243
300
254
269
286
299
218
207
292
270
257
306
230
208
232
282
269
229
245
239
261
276
284
311
284
242
267
317
304
264
293
306
305
310
242
209
208
206
242
300
235
329
340
268
250
277
240
223
211
306
259
258
235
199
239
291
261
290
286
265
297
722
224
329
289
253
278
251
229
222
309
246
205
239
202
236
274
238
280
239
257
1234
301
243
308
292
269
282
284
246
221
321
281
244
246
241
244
276
271
292
277
261
302
347
209
355
286
260
266
258
228
210
564
271
247
220
237
224
291
246
290
259
244
261
295
319
267
320
322
290
323
233
250
203
239
225
231
290
230
328
384
302
258
269
260
218
235
723
257
237
245
239
245
276
270
286
267
247
277
862
217
334
289
268
289
239
217
234
313
244
252
216
238
216
315
255
298
302
280
339
288
225
346
280
237
278
250
208
230
281
247
221
247
219
230
276
262
290
253
270
278
268
343
301
319
315
309
307
260
243
213
210
202
300
239
333
370
301
276
300
279
260
227
316
246
260
251
256
252
281
296
305
286
269
320
306
231
300
282
234
283
224
212
227
310
264
223
250
255
233
301
238
288
277
246
262
314
296
269
337
297
307
291
237
203
239
233
229
295
219
328
364
311
237
293
240
208
218
282
261
251
273
241
212
278
244
286
279
304
943
285
200
316
260
234
277
259
210
225
292
264
216
253
236
206
282
247
280
294
338
299
920
226
343
296
288
338
300
212
210
251
224
235
299
226
313
344
300
266
272
254
247
218
332
278
231
220
240
213
280
249
281
238
279
283
298
297
255
352
332
308
227
294
268
248
217
316
246
252
227
201
220
287
251
278
230
281
290
339
512
285
360
388
279
252
262
255
229
204
307
236
232
255
250
232
297
268
283
234
267
262
318
309
233
348
281
239
278
262
205
191
688
244
222
248
277
260
275
261
287
239
273
255
267
289
282
248
295
307
303
324
218
245
226
222
216
294
504
364
357
273
268
291
254
200
270
339
263
259
249
232
243
298
258
283
312
270
301
286
1206
214
349
284
254
277
261
205
224
324
236
219
246
227
240
296
262
291
298
255
269
233
283
303
249
279
289
297
287
228
247
232
230
220
302
223
289
339
292
257
261
250
218
194
288
262
228
255
238
204
275
240
266
285
271
207
265
298
234
370
302
230
276
261
202
220
318
252
256
228
243
231
291
255
284
271
252
265
1119
307
268
285
302
296
296
227
236
208
244
237
233
325
214
326
328
316
238
302
258
194
213
272
242
248
212
211
222
283
260
284
257
277
311
293
723
228
354
274
272
252
253
248
218
289
265
224
238
241
234
274
266
279
270
294
284
306
210
254
318
267
225
269
250
196
213
321
239
251
225
243
221
317
251
290
250
261
280
268
916
298
230
596
318
311
308
217
219
214
208
205
312
232
311
325
298
260
275
268
245
210
546
260
244
245
239
237
327
302
256
267
260
230
241
304
235
232
228
238
237
292
256
302
287
222
282
291
347
237
373
278
253
281
263
213
236
287
230
223
249
240
236
273
266
290
241
278
269
277
293
294
260
326
363
302
342
215
231
225
233
243
304
217
324
329
273
267
284
257
228
210
289
214
218
256
230
231
281
257
286
264
283
340
300
301
205
702
315
257
312
243
208
226
666
266
220
220
238
233
279
243
280
335
275
295
313
242
229
340
299
255
270
267
212
230
286
270
223
241
199
243
274
235
283
280
295
312
317
239
236
318
296
230
275
247
245
217
625
255
246
221
236
215
290
253
280
266
285
270
323
267
299
327
316
322
310
212
227
220
213
217
286
213
302
250
332
303
256
271
257
214
232
319
238
246
224
242
219
290
252
286
231
261
298
293
301
269
349
289
256
289
232
230
250
283
268
224
253
232
255
287
273
325
226
251
259
292
268
934
306
323
288
287
283
223
234
239
224
227
296
233
308
730
283
233
296
263
224
200
695
248
234
228
237
222
275
253
279
229
291
292
340
317
234
385
270
254
284
270
200
221
324
240
249
240
201
229
392
286
231
284
227
202
223
279
239
253
238
203
204
280
235
280
282
261
204
311
1152
229
335
293
256
289
223
220
241
327
236
251
248
271
222
292
256
286
230
257
282
280
268
751
295
325
316
324
310
244
218
212
201
241
307
237
329
365
296
230
294
271
220
262
313
243
248
257
237
211
312
234
280
282
265
321
300
216
247
340
287
260
263
244
247
207
269
244
249
231
263
215
293
251
288
224
255
261
295
309
309
258
329
298
328
319
215
228
221
241
245
295
263
335
676
287
235
266
288
218
229
308
230
225
273
241
215
263
259
297
320
277
280
308
230
214
360
263
220
281
254
195
212
631
255
246
238
200
236
336
304
233
266
266
222
224
309
238
246
255
241
220
270
280
278
288
245
272
291
338
261
326
296
227
285
255
243
217
549
226
225
251
231
247
274
270
282
272
302
293
311
219
245
320
329
291
232
301
244
206
227
279
247
219
235
222
212
287
254
291
220
271
285
300
316
220
332
329
300
228
294
264
248
220
311
269
228
237
242
262
275
263
283
208
279
291
335
325
235
345
279
235
273
221
204
225
564
244
219
232
238
229
294
260
286
247
254
263
287
269
344
408
293
281
279
275
213
205
227
218
211
282
211
307
222
286
304
237
324
204
371
298
230
297
240
202
218
310
245
251
255
237
212
278
244
283
225
269
290
334
320
267
339
269
254
284
252
248
217
338
226
256
244
279
223
294
250
288
230
261
263
280
309
229
305
335
287
295
283
225
237
239
232
225
303
581
314
395
275
225
282
256
248
210
309
237
243
243
236
243
296
265
288
241
280
267
888
347
237
384
295
238
298
260
205
208
319
243
251
225
243
220
389
290
263
286
273
248
218
317
242
251
250
238
240
383
317
257
275
261
216
233
298
232
233
247
251
251
278
273
314
272
863
292
321
248
251
317
281
240
281
223
212
227
294
259
227
244
241
247
275
263
284
251
274
249
222
285
310
323
314
321
317
208
226
214
212
214
282
254
321
388
309
254
312
242
210
225
284
245
217
253
240
219
278
240
319
298
279
680
291
236
331
289
234
270
242
228
208
307
251
244
225
233
231
282
246
283
224
256
251
293
311
309
264
321
343
323
319
215
228
224
220
215
290
213
318
367
307
254
262
272
250
236
309
259
218
219
202
223
289
248
288
498
272
299
925
236
327
276
258
274
258
203
221
680
268
232
257
266
251
275
277
296
263
283
256
223
291
1185
315
304
299
300
233
215
204
240
246
323
235
313
353
263
269
289
278
204
224
279
284
256
254
238
210
276
279
280
261
269
665
312
235
357
307
257
290
268
207
221
556
249
216
252
240
219
310
244
284
250
269
729
305
226
303
295
226
295
257
242
212
302
251
244
228
237
233
298
252
287
288
262
315
317
254
288
267
218
259
241
226
207
310
243
243
211
237
209
284
257
285
293
251
298
307
683
248
309
321
317
215
284
217
238
227
217
214
311
208
329
363
266
238
266
254
234
236
293
264
229
228
239
225
296
264
298
265
289
317
312
246
295
271
257
294
240
183
202
304
242
236
200
257
206
278
256
285
287
300
295
283
309
225
320
306
292
315
219
230
227
223
218
320
234
308
329
293
267
276
274
244
212
502
255
250
251
239
244
275
277
300
290
264
326
297
239
311
292
229
260
261
254
220
502
269
262
245
283
244
311
259
284
264
265
298
311
293
268
326
297
305
340
242
255
241
234
230
286
219
335
329
291
258
276
263
229
207
311
239
241
237
238
230
274
277
307
274
292
328
306
250
328
267
241
271
253
218
235
308
273
227
230
239
224
292
262
310
266
284
682
285
250
317
287
231
275
250
226
205
309
239
238
210
235
209
284
250
283
294
308
272
285
326
234
318
315
319
309
211
223
222
217
212
267
203
321
301
287
258
280
274
227
271
309
244
230
246
241
257
270
273
299
676
299
280
1061
248
329
286
279
284
251
257
212
282
232
222
252
241
242
275
274
286
299
282
585
347
230
328
274
223
264
251
229
207
308
245
257
223
234
238
289
247
278
244
296
271
239
289
304
313
313
296
315
239
215
206
231
233
308
244
325
364
286
252
271
260
224
205
310
248
234
229
238
227
297
270
291
271
285
318
308
230
308
275
252
291
235
223
202
310
235
237
276
211
252
275
244
279
287
345
280
309
227
298
298
290
292
322
224
226
230
225
221
292
219
335
341
278
261
282
251
199
210
308
267
234
234
202
230
275
287
297
489
288
334
301
231
381
303
241
265
253
219
235
305
233
240
228
245
222
294
262
291
276
283
302
299
271
300
272
257
294
248
217
200
305
238
241
250
240
219
275
243
275
286
296
247
287
227
322
290
295
322
222
234
228
224
224
288
218
337
328
307
237
300
248
214
231
311
274
233
241
231
225
298
258
284
258
277
306
314
232
305
281
251
280
267
208
233
289
267
228
249
227
232
298
269
289
254
273
289
263
299
301
299
292
290
282
224
205
229
225
227
316
223
284
553
308
231
286
241
204
225
510
258
259
213
242
219
279
248
318
294
269
313
315
231
609
270
256
276
229
206
234
511
266
227
254
241
241
274
280
288
294
246
287
314
302
268
295
306
315
299
231
209
205
237
235
310
232
321
330
312
253
274
234
221
238
310
236
232
244
243
246
270
277
296
284
274
790
347
263
298
282
256
256
232
220
204
309
235
238
245
236
244
275
275
311
289
253
289
318
310
223
301
307
316
302
242
213
209
205
201
297
233
300
390
315
257
281
243
246
201
283
262
224
254
245
205
275
273
302
283
271
798
308
226
360
298
231
279
266
208
241
283
266
216
223
235
231
295
262
283
268
257
284
304
283
268
328
293
302
293
235
249
227
239
235
342
226
319
337
329
285
294
254
225
199
304
236
237
207
210
205
278
243
296
288
266
293
287
240
344
278
233
274
258
203
220
278
243
254
230
238
221
305
261
277
250
264
283
268
304
289
288
320
325
315
236
225
217
203
204
285
213
334
354
281
264
280
264
254
232
542
266
212
250
201
212
273
237
295
281
264
1244
292
220
346
274
256
277
257
222
248
312
242
243
219
244
216
285
255
284
326
282
313
771
268
301
271
229
265
258
199
222
542
264
255
226
234
224
287
261
288
253
262
281
269
299
314
578
318
314
314
209
239
217
214
210
292
247
295
370
303
269
298
285
258
235
310
244
261
206
247
211
276
243
275
300
282
1137
301
237
289
273
255
308
230
214
233
668
234
230
249
248
238
278
282
318
282
328
289
300
225
288
293
289
295
279
221
231
228
225
233
310
216
334
334
292
256
305
288
218
229
280
229
225
220
242
230
283
252
307
296
270
288
287
197
348
281
252
283
226
212
235
293
267
228
243
245
230
275
279
300
253
281
303
223
296
309
327
317
317
317
205
228
216
212
209
298
210
331
349
296
267
289
273
241
215
306
242
246
248
241
246
274
243
315
254
267
322
309
256
314
338
313
269
300
260
250
224
310
237
237
255
245
212
279
244
311
291
272
288
317
259
362
307
281
262
276
239
222
203
314
244
248
227
240
222
295
251
285
283
256
304
930
218
334
279
238
267
250
232
217
311
261
222
237
243
232
276
265
282
275
287
339
394
243
320
256
256
296
238
224
203
313
234
240
260
236
220
280
239
289
238
248
261
233
296
321
303
290
285
323
222
240
232
223
243
308
215
319
368
279
258
269
263
223
200
308
232
234
232
200
227
271
262
282
269
293
702
284
229
349
280
255
296
236
220
235
310
232
233
248
234
249
276
286
302
287
332
289
320
303
226
324
279
284
311
214
223
223
216
218
301
207
346
349
268
253
265
268
212
193
289
230
233
252
224
232
276
274
295
265
780
1276
323
235
364
304
267
287
238
246
215
317
252
256
249
242
248
276
243
290
291
290
328
314
224
292
274
256
287
234
214
233
308
235
236
224
265
256
276
241
280
281
339
287
329
308
219
320
316
313
308
213
225
223
213
209
304
207
308
362
291
253
266
254
222
236
293
270
232
242
239
234
291
254
294
267
287
1085
296
237
338
266
257
279
261
209
224
280
253
268
261
240
225
283
248
318
283
334
287
437
306
232
294
301
293
329
228
226
220
214
210
285
212
316
379
310
230
283
246
203
186
279
247
256
234
219
212
272
248
278
256
269
295
289
265
353
285
254
270
273
246
206
277
245
251
236
233
227
305
260
292
272
288
308
317
218
556
285
256
262
257
219
236
521
272
250
240
219
211
283
248
281
288
264
299
1033
248
368
301
235
303
246
221
229
283
237
257
256
240
211
281
281
286
292
272
303
287
235
323
276
253
289
234
217
240
310
230
232
211
293
240
276
276
283
289
254
264
1141
337
273
324
320
324
314
213
216
220
216
212
312
250
313
344
284
256
299
251
214
238
290
267
223
223
233
231
293
329
275
256
275
295
312
219
354
293
256
294
265
248
245
309
245
243
253
241
249
281
291
286
278
253
286
299
659
260
291
295
293
291
227
213
198
192
225
288
230
314
326
296
262
287
277
245
208
303
244
238
241
240
236
276
271
287
280
258
1141
310
244
304
285
264
261
242
224
206
299
243
237
232
228
212
283
251
284
278
241
263
288
317
241
332
297
308
293
233
238
234
235
224
280
225
342
229
315
280
262
282
265
250
224
313
243
210
242
237
241
280
268
304
281
261
317
310
222
283
261
239
279
254
218
241
285
239
222
245
241
245
280
260
287
276
261
255
304
268
279
321
300
293
316
216
225
203
223
209
295
235
353
369
283
258
263
251
222
234
289
230
226
227
238
234
289
252
284
265
286
672
347
241
293
272
235
276
259
202
226
282
277
231
263
225
237
275
266
297
270
255
293
312
269
283
344
317
285
312
215
225
219
215
211
323
212
323
333
277
263
286
241
206
222
608
237
258
252
241
206
286
242
298
290
269
1181
311
237
320
259
256
259
264
207
188
280
235
223
245
243
244
276
277
289
268
261
273
286
315
260
285
298
308
294
230
202
199
196
188
313
240
324
340
316
254
259
248
213
232
291
231
230
226
235
228
281
257
288
269
278
294
270
229
337
269
257
292
227
219
242
674
269
230
254
234
236
277
270
293
279
257
255
312
222
284
316
311
316
300
209
218
214
210
205
322
241
330
360
306
272
290
233
198
213
315
242
247
247
207
233
276
243
286
281
255
286
322
244
338
277
229
267
252
202
215
324
241
254
251
217
230
289
262
276
262
266
278
269
310
304
317
313
311
295
239
241
229
227
212
297
219
332
392
316
257
267
270
220
235
691
253
230
226
239
229
294
257
288
265
290
1257
312
227
305
282
263
263
250
244
213
692
269
248
227
236
216
286
254
284
259
241
280
294
283
235
325
294
300
287
234
246
245
238
240
287
220
307
357
330
268
281
250
250
232
288
231
229
241
203
231
277
277
322
252
272
326
330
249
363
295
276
278
242
232
205
573
235
259
262
248
210
281
246
288
585
277
308
1009
238
343
274
261
262
251
227
214
314
239
244
259
241
220
284
248
281
255
294
269
237
294
308
344
317
315
315
210
220
217
212
210
316
218
326
379
289
240
296
259
211
226
314
242
244
244
243
213
275
280
286
276
266
296
276
251
642
260
273
272
262
204
222
543
261
260
255
275
229
296
265
289
272
265
281
307
292
269
284
295
301
286
224
200
248
224
225
317
227
291
370
308
261
281
244
223
227
310
229
227
242
201
264
273
235
295
282
266
307
303
204
336
308
252
265
245
216
235
289
232
236
234
252
219
290
250
282
264
279
307
286
223
285
268
237
281
262
210
224
287
272
231
249
240
249
293
266
283
274
262
301
312
268
286
303
303
289
287
226
206
233
227
223
280
222
338
346
299
230
292
241
248
224
318
244
221
226
237
221
288
251
299
260
288
312
908
242
585
300
229
289
255
201
220
549
272
228
242
244
237
275
273
289
272
304
285
673
229
373
286
269
269
257
244
240
640
266
236
237
235
227
298
262
286
236
270
266
313
301
222
330
282
216
302
239
223
201
302
236
237
212
241
208
277
254
285
296
288
287
1136
285
229
322
291
285
287
225
243
233
230
244
292
219
300
326
293
225
287
262
202
213
315
246
247
247
245
566
275
275
303
287
275
281
292
227
294
280
235
281
263
202
223
283
247
219
232
239
228
275
274
286
256
285
294
268
282
497
303
295
291
289
227
207
239
233
224
310
233
337
328
301
241
264
294
249
238
310
232
240
236
238
225
294
262
294
276
297
309
298
251
344
295
231
269
254
201
218
321
249
253
229
238
224
275
303
313
278
274
283
520
307
267
293
313
309
300
233
206
206
240
236
294
230
332
341
286
262
275
276
245
212
290
236
227
229
244
221
297
258
302
260
284
318
300
217
339
301
226
291
252
199
214
285
231
233
253
223
235
274
269
286
270
289
339
1252
232
592
261
264
291
243
223
206
310
240
242
225
233
210
281
250
281
254
254
267
236
305
287
299
291
287
283
228
205
231
227
223
285
222
335
370
315
256
265
264
213
230
620
236
230
225
237
218
313
255
302
265
277
306
272
238
350
287
256
285
229
215
229
304
267
221
257
228
237
275
270
312
280
290
297
320
315
220
293
305
304
297
240
213
207
203
225
323
237
291
338
288
256
276
236
229
232
284
245
260
230
242
237
300
257
290
290
279
301
286
222
363
300
258
269
236
227
208
311
240
258
251
239
225
280
245
285
253
291
267
236
301
1223
325
328
322
322
210
227
215
213
209
304
209
327
691
298
269
288
266
203
220
656
273
255
251
239
245
279
283
298
296
265
322
302
244
326
313
237
298
241
212
224
316
262
257
253
227
221
303
267
284
298
276
302
347
236
294
292
268
308
243
242
233
283
233
232
263
230
253
292
287
291
284
332
299
1102
289
232
327
341
321
317
220
226
222
218
212
309
211
328
349
304
257
269
274
215
196
320
240
258
228
240
223
284
259
286
260
279
339
889
253
369
320
260
255
239
226
203
653
272
248
258
240
210
281
244
315
246
261
277
268
286
313
689
315
311
309
247
242
225
232
227
316
235
322
339
286
258
279
266
252
219
318
246
252
258
229
241
342
292
217
282
285
248
220
317
244
252
226
238
224
322
311
256
280
238
219
240
300
236
233
251
235
251
275
275
275
215
268
263
307
282
236
364
266
266
267
244
227
204
305
240
241
221
240
218
283
248
284
239
302
276
240
308
291
299
289
285
281
225
224
234
230
224
294
221
303
351
292
227
288
263
202
219
314
244
248
258
236
256
315
280
235
295
252
199
214
314
244
247
225
236
231
260
286
288
285
303
325
300
251
360
275
252
268
259
232
207
321
244
253
248
227
240
318
266
269
268
288
278
1234
255
297
297
252
286
237
218
233
291
277
229
249
234
260
269
270
321
268
254
280
295
314
247
326
287
320
326
213
235
223
217
215
311
215
317
394
296
261
263
261
221
554
357
418
301
292
299
248
212
227
391
344
342
338
392
299
233
296
248
212
231
370
530
385
340
338
345
296
265
289
252
222
200
396
372
572